(1, 576, 14, 14, 192, 576, 1, 1, 1, 1, 8.4071, 15.396700000000001)
(1, 160, 9, 9, 224, 160, 3, 3, 1, 1, 9.589333333333332, 13.485766666666668)
(1, 2048, 8, 8, 384, 2048, 1, 1, 1, 1, 13.051733333333335, 17.1916)
(1, 64, 58, 58, 128, 64, 3, 3, 2, 2, 15.326533333333337, 18.845066666666664)
(1, 64, 56, 56, 128, 64, 1, 1, 2, 2, 5.128066666666667, 6.184633333333333)
(1, 1056, 7, 7, 192, 1056, 1, 1, 1, 1, 6.848499999999999, 8.254633333333333)
(1, 64, 29, 29, 96, 64, 3, 3, 1, 1, 19.699066666666667, 22.661566666666666)
(1, 576, 14, 14, 128, 576, 1, 1, 1, 1, 7.0441, 8.0889)
(1, 1024, 14, 14, 512, 1024, 1, 1, 1, 1, 28.08936666666667, 32.23866666666667)
(1, 160, 17, 23, 192, 160, 1, 7, 1, 1, 21.459366666666668, 24.52113333333334)
(1, 288, 35, 35, 384, 288, 3, 3, 2, 2, 86.23503333333333, 98.33573333333334)
(1, 128, 16, 16, 128, 128, 3, 3, 1, 1, 10.165566666666667, 11.5552)
(1, 192, 23, 17, 192, 192, 7, 1, 1, 1, 26.066133333333333, 29.171766666666667)
(1, 768, 17, 17, 128, 768, 1, 1, 1, 1, 12.296766666666663, 13.711066666666666)
(1, 768, 17, 17, 160, 768, 1, 1, 1, 1, 14.967966666666669, 16.653766666666666)
(1, 256, 56, 56, 128, 256, 1, 1, 2, 2, 9.581933333333334, 10.642633333333334)
(1, 192, 17, 17, 320, 192, 3, 3, 2, 2, 11.066666666666668, 12.182533333333334)
(1, 96, 16, 16, 128, 96, 3, 3, 1, 1, 8.426166666666667, 9.266100000000003)
(1, 128, 16, 16, 160, 128, 3, 3, 1, 1, 11.457933333333335, 12.278133333333335)
(1, 1280, 8, 8, 384, 1280, 1, 1, 1, 1, 11.535666666666666, 12.33676666666667)
(1, 64, 16, 16, 96, 64, 3, 3, 1, 1, 6.273666666666665, 6.7090666666666685)
(1, 192, 16, 16, 192, 192, 3, 3, 1, 1, 17.286700000000003, 18.317766666666667)
(1, 160, 23, 17, 192, 160, 7, 1, 1, 1, 25.39276666666667, 26.673099999999998)
(1, 768, 17, 17, 192, 768, 1, 1, 1, 1, 17.378100000000003, 18.132166666666663)
(1, 1024, 14, 14, 256, 1024, 1, 1, 1, 1, 17.09733333333333, 17.7697)
(1, 256, 16, 16, 256, 256, 3, 3, 1, 1, 29.66086666666666, 30.810766666666673)
(1, 576, 14, 14, 64, 576, 1, 1, 1, 1, 5.460666666666666, 5.6329666666666665)
(1, 608, 14, 14, 192, 608, 1, 1, 1, 1, 8.621333333333334, 8.864866666666666)
(1, 192, 27, 27, 64, 192, 1, 1, 1, 1, 6.770499999999999, 6.957433333333333)
(1, 192, 16, 16, 256, 192, 3, 3, 1, 1, 23.1803, 23.818533333333335)
(1, 160, 17, 23, 160, 160, 1, 7, 1, 1, 19.4532, 19.969299999999997)
(1, 256, 27, 27, 64, 256, 1, 1, 1, 1, 8.121599999999999, 8.312833333333332)
(1, 448, 10, 10, 384, 448, 3, 3, 1, 1, 21.378566666666664, 21.486066666666662)
(1, 2048, 8, 8, 448, 2048, 1, 1, 1, 1, 20.103566666666666, 20.196166666666663)
(1, 128, 28, 28, 512, 128, 1, 1, 1, 1, 14.981066666666665, 15.042333333333334)
(1, 32, 149, 149, 32, 32, 3, 3, 1, 1, 42.16560000000001, 42.2847)
(1, 80, 73, 73, 192, 80, 3, 3, 1, 1, 362.71533333333326, 363.31000000000006)
