(303464448, 871.1785999999998, 348.33781270568403)
(303464448, 1040.9768666666666, 291.51891623848445)
(303464448, 797.0449333333333, 380.73693879575507)
(3211264, 14.148066666666667, 226.9754642566004)
(303464448, 809.1988000000002, 375.01841080337726)
(3211264, 14.606633333333333, 219.8497029888247)
(75866112, 276.3101333333333, 274.56869237755063)
(75866112, 213.1612333333333, 355.90951888218575)
(1376829440, 937.5025666666668, 1468.6140485944268)
(75866112, 213.2930333333333, 355.68959198698633)
(3211264, 16.993533333333332, 188.96976496941974)
