(303464448, 861.4658333333336, 352.2652161674045)
(303464448, 1169.7422000000001, 259.42848603735075)
(303464448, 1008.5250666666667, 300.89926173376887)
(303464448, 864.0738, 351.2020014957056)
(303464448, 987.8491000000001, 307.1971700940963)
(303464448, 1091.261066666667, 278.0860210902175)
(303464448, 1014.0442, 299.2615588156808)
(303464448, 1068.1393, 284.1056854663058)
(3211264, 15.877699999999999, 202.24994804033332)
(303464448, 991.7283666666665, 305.9955308326867)
(3211264, 16.94766666666667, 189.48118718407642)
(75866112, 289.8498333333333, 261.74281740142453)
(75866112, 277.08956666666666, 273.7963500851169)
(1376829440, 955.9776666666668, 1440.231804578419)
(75866112, 280.5848333333334, 270.38564807197343)
(3211264, 16.792066666666667, 191.23697301503486)
